calling x,w = gaulegf(0.0, 1.0, 8)
area= 0.4596976941318575
actual= 0.45969769413186023
error= -2.7200464103316335e-15

calling x,w = gaulegf(0.0, 1.0, 16)
area= 0.45969769413185774
actual= 0.45969769413186023
error= -2.4980018054066022e-15
